barcode	ONT_native_barcode	number	batch	n	pathovar	sequenced_filemaker	original_filemaker	input-file	total.reads	total.gigabases	N50.length	mean.length	median.length	max.length	mean.q	median.q
barcode01	NB01	1,1	1	1	Xcr	6737	6737	01.tab	21643	0,5140742	37006	23752,4	20328	135372	12	12,4
barcode02	NB02	1,2	1	2	Xcr	6738	6199	02.tab	37041	0,9289501	39616	25079	21021	159023	11,9	12,2
barcode03	NB03	1,3	1	3	Xcr	6739	6202	03.tab	21232	0,4602993	34807	21679,5	17269	130796	12	12,3
barcode04	NB04	1,4	1	4	Xcr	6740	6200	04.tab	25087	0,6128275	38887	24428,1	20095	124209	12	12,4
barcode05	NB05	1,5	1	5	Xcc	6741	6471	05.tab	99645	0,6776869	27593	6801	1890	129342	11,9	12,2
barcode06	NB06	1,6	1	6	Xcc	6742	5308	06.tab	32726	0,5507131	35540	16828	9144	155222	11,9	12,3
barcode07	NB07	1,7	1	7	Xcc	6743	5309	07.tab	14587	0,2974474	34625	20391,3	14890	128601	11,9	12,3
barcode08	NB08	2,1	2	1	Xcc	6744	6286	08.tab	21079	0,4467545	35231	21194,3	15748	126317	12	12,3
barcode09	NB09	2,2	2	2	Xcc	6745	6341	09.tab	21594	0,5534825	40514	25631,3	21705	161637	12	12,3
barcode10	NB10	2,4	2	4	Xcc	6747	6459	10.tab	17444	0,3913134	35844	22432,5	18194,5	140063	11,9	12,3
barcode11	NB11	2,6	2	6	Xcc	6749	6469	11.tab	25253	0,4626076	33480	18318,9	11955	177901	11,9	12,3
barcode12	NB12	2,7	2	7	Xcc	6750	6470	12.tab	17116	0,3482099	32261	20344,1	16576,5	122799	12	12,3
barcode13	NB13	2,8	2	8	Xcc	6751	6477	13.tab	17486	0,3647399	34581	20859	15945	128555	12	12,4
barcode14	NB14	3,1	3	1	Xcr	6752	6209	14.tab	31979	0,5864616	35940	18339	10972	157104	12	12,3
barcode15	NB15	3,2	3	2	Xcr	6753	6210	15.tab	26200	0,6201002	38927	23667,9	18161,5	165584	12	12,4
barcode16	NB16	3,4	3	4	Xcc	6755	6423	16.tab	35410	0,9032256	40899	25507,6	20818	189729	12	12,3
barcode17	NB17	3,5	3	5	Xcc	6756	6424	17.tab	36049	0,7470437	36034	20723	14691	144263	11,9	12,3
barcode18	NB18	3,6	3	6	Xcc	6757	6425	18.tab	80734	1,431567	35199	17731,9	10268	148572	12	12,4
barcode19	NB19	3,7	3	7	Xcc	6758	6426	19.tab	92341	1,6781615	36228	18173,5	10681	383505	11,9	12,3
barcode20	NB20	3,8	3	8	Xcc	6759	6427	20.tab	81015	1,2303012	26589	15186,1	9716	152320	11,9	12,3
barcode21	NB21	3,9	3	9	Xcc	6760	6428	21.tab	25086	0,5824343	36457	23217,5	19304,5	129447	11,8	12,2
barcode22	NB22	3,1	3	10	Xcc	6761	6430	22.tab	42849	1,0783047	39445	25165,2	21230	154436	12	12,3
barcode23	NB23	3,11	3	11	Xcc	6762	6431	23.tab	43903	0,8286049	35808	18873,5	12544	145338	11,9	12,3
barcode24	NB24	3,12	3	12	Xcc	6763	6432	24.tab	73576	1,4921362	34046	20280,2	15270	151883	12	12,3
barcode25	NB25	4,1	4	1	Xcc	6764	6433	25.tab	48921	0,986449	34506	20164,1	14921	141891	12	12,3
barcode26	NB26	4,2	4	2	Xcc	6765	6434	26.tab	40721	1,0341351	39946	25395,6	20677	197536	12	12,3
barcode27	NB27	4,3	4	3	Xcc	6766	6435	27.tab	68676	1,607109	36042	23401,3	19739	156064	11,9	12,2
barcode28	NB28	4,5	4	5	Xcc	6768	6437	28.tab	28722	0,7312467	40403	25459,5	20439,5	164350	12	12,3
barcode29	NB29	4,6	4	6	Xcc	6769	6441	29.tab	60416	1,2628228	35379	20902,1	15726	146686	12	12,3
barcode30	NB30	4,8	4	8	Xcc	6771	6443	30.tab	79032	1,7525685	36657	22175,4	17531	157193	11,8	12,1
barcode31	NB31	4,1	4	10	Xcr	6773	6448	31.tab	34679	0,865722	38884	24963,9	20665	162441	12	12,3
barcode32	NB32	4,11	4	11	Xcr	6774	6449	32.tab	28737	0,7223592	39670	25136,9	20529	295770	11,9	12,3
barcode33	NB33	4,12	4	12	Xcc	6775	6455	33.tab	47359	0,7952176	34632	16791,3	8968	152122	12	12,3
barcode34	NB34	5,1	5	1	Xcc	6776	6458	34.tab	41082	0,8116413	36235	19756,6	13297	132176	12	12,3
barcode35	NB35	5,3	5	3	Xcc	6778	6460	35.tab	42165	0,6344604	33927	15047,1	7385	140013	11,9	12,3
barcode36	NB36	5,4	5	4	Xcr	6779	6465	36.tab	74221	1,8207286	39713	24531,2	19672	212380	12	12,4
barcode37	NB37	5,5	5	5	Xcr	6780	6466	37.tab	28025	0,6298319	35482	22473,9	18201	153046	12	12,4
barcode38	NB38	5,8	5	8	Xcc	6783	6471	38.tab	89379	1,4246828	36368	15939,8	7273	209591	11,9	12,2
barcode39	NB39	5,9	5	9	Xcc	6784	6476	39.tab	115489	1,5815807	29002	13694,6	6930	182323	12	12,3
barcode40	NB40	5,11	5	11	Xcc	6746	6346	40.tab	45963	1,1317487	38110	24623	20167	165442	11,9	12,3
barcode41	NB41	6,1	6	1	Xcr	6786	6197	41.tab	19155	0,4227301	37668	22068,9	15843	196238	11,9	12,3
barcode42	NB42	6,2	6	2	Xcr	6787	6198	42.tab	46872	1,2141804	40462	25904,2	21509,5	165015	12	12,4
barcode43	NB43	6,3	6	3	Xcr	6788	6203	43.tab	52894	1,2933142	39769	24451,1	19756,5	187034	11,8	12,2
barcode44	NB44	6,4	6	4	Xcr	6789	6205	44.tab	128107	1,3910401	25617	10858,4	4990	193592	12	12,3
barcode45	NB45	6,5	6	5	Xcr	6790	6206	45.tab	196063	1,1030954	8008	5626,2	3288	126546	12	12,3
barcode46	NB46	6,6	6	6	Xcr	6791	6207	46.tab	27066	0,6779505	39377	25048	20820	154708	11,9	12,3
barcode47	NB47	6,7	6	7	Xcr	6792	6208	47.tab	28305	0,7123464	40329	25166,8	20581	159894	12	12,3
barcode48	NB48	6,8	6	8	Xcr	6793	6211	48.tab	9419	0,1642322	31141	17436,3	11600	163100	11,9	12,2
barcode49	NB49	6,9	6	9	Xcr	6794	6326	49.tab	360480	3,3273303	18093	9230,3	4973	140497	12	12,3
barcode50	NB50	6,1	6	10	Xcc	6795	6225	50.tab	74345	1,849868	39407	24882,2	20966	168123	11,9	12,3
barcode51	NB51	6,11	6	11	Xcr	6796	6227	51.tab	40486	1,0044169	38944	24809	20505	164186	11,9	12,3
barcode52	NB52	6,12	6	12	Xcr	6797	6230	52.tab	11539	0,2104393	32585	18237,2	11911	173688	11,9	12,3
barcode53	NB53	6,13	6	13	Xcr	6798	6232	53.tab	33736	0,7578648	36304	22464,6	17374	139891	12	12,3
barcode54	NB54	6,14	6	14	Xcr	6799	6242	54.tab	34337	0,8873465	40592	25842,3	21426	174629	12	12,3
barcode55	NB55	6,15	6	15	Xcr	6800	6244	55.tab	40837	0,9949107	39151	24363	19518	167860	11,9	12,2
barcode56	NB56	6,16	6	16	Xcr	6801	6246	56.tab	85524	1,9299225	37032	22565,9	17725,5	148475	11,9	12,3
barcode57	NB57	6,17	6	17	Xcr	6802	6274	57.tab	411104	2,6163358	9573	6364,2	3858	138759	12	12,3
barcode58	NB58	6,18	6	18	Xcr	6803	6275	58.tab	32424	0,7845275	38433	24195,9	20002,5	491454	12	12,3
barcode59	NB59	7,1	7	1	Xcr	6804	6279	59.tab	36984	0,9257225	39619	25030,4	20474	151246	12	12,3
barcode60	NB60	7,2	7	2	Xcr	6805	6282	60.tab	9951	0,1806679	31371	18155,8	12323	137014	12,1	12,4
barcode61	NB61	7,3	7	3	Xcr	6806	6324	61.tab	80234	1,3446178	28034	16758,7	11886	170165	11,8	12,2
barcode62	NB62	7,4	7	4	Xcr	6807	6326	62.tab	230303	2,0901585	18606	9075,7	4569	160127	12	12,4
barcode63	NB63	7,5	7	5	Xcr	6808	6330	63.tab	69892	1,6040677	35026	22950,7	19365,5	160080	11,8	12,2
barcode64	NB64	7,6	7	6	Xcr	6809	6335	64.tab	23075	0,456818	36098	19797,1	13011	176413	11,9	12,3
barcode65	NB65	7,7	7	7	Xcr	6810	6343	65.tab	33611	0,8746364	41361	26022,3	21151	206556	11,9	12,3
barcode66	NB66	7,8	7	8	Xcr	6811	6344	66.tab	37690	0,9969458	41391	26451,2	22108	169924	12	12,4
barcode67	NB67	7,9	7	9	Xcc	6812	3881	67.tab	54804	0,8928754	32091	16292,2	9419	157446	12	12,3
barcode68	NB68	7,1	7	10	Xcc	6813	5193	68.tab	62824	1,6742279	39664	26649,5	23885,5	196541	12	12,4
barcode69	NB69	7,11	7	11	Xcr	6814	6157	69.tab	25111	0,6625463	41289	26384,7	22034	181699	12	12,4
barcode70	NB70	7,12	7	12	Xcr	6815	6158	70.tab	47035	1,0126189	31510	21529,1	19225	137311	11,8	12,2
barcode71	NB71	7,14	7	14	Xcc	6817	4965	71.tab	36781	0,8907461	39380	24217,6	19151	161127	11,9	12,3
barcode72	NB72	7,15	7	15	Xcc	6818	5271	72.tab	68904	1,6024899	35589	23256,8	19816,5	153211	11,9	12,3
barcode73	NB73	7,16	7	16	Xcc	6819	5272	73.tab	59660	1,3510584	34343	22646	19843	120249	11,9	12,3
barcode74	NB74	7,17	7	17	Xcc	6820	5360	74.tab	34734	0,8371364	38399	24101,4	19359	158292	12	12,4
barcode75	NB75	7,18	7	18	Xcc	6821	5361	75.tab	75386	1,6371535	34173	21716,9	17779	146484	11,9	12,3
barcode76	NB76	8,1	8	1	Xcc	6822	5364	76.tab	110131	1,3155615	34547	11945,4	4077	179052	11,9	12,3
barcode77	NB77	8,2	8	2	Xcc	6823	5471	77.tab	43767	1,013384	40732	23154,1	16952	188272	11,9	12,3
barcode78	NB78	8,3	8	3	Xcc	6824	5470	78.tab	93811	1,6843484	35128	17954,7	10563	167983	11,9	12,3
barcode79	NB79	8,4	8	4	Xcc	6825	6474	79.tab	95812	0,7934244	19456	8281,1	3818	159641	11,8	12,2
barcode80	NB80	8,5	8	5	Xcc	6826	6475	80.tab	39925	0,6519042	31672	16328,2	9623	144562	11,9	12,3
barcode81	NB81	8,6	8	6	Xcr	6827	6684	81.tab	483526	3,46283	12049	7161,6	4020	153849	12	12,3
barcode82	NB82	8,7	8	7	Xcc	6828	6685	82.tab	44213	1,0493487	38362	23733,9	19053	142405	11,9	12,3
barcode83	NB83	8,8	8	8	Xcr	6829	6688	83.tab	33095	0,7528823	38634	22749,1	17318	145898	11,9	12,3
barcode84	NB84	8,9	8	9	Xcc	6830	6717	84.tab	70926	1,7277466	36641	24359,8	22043	424287	12	12,3
barcode85	NB85	8,1	8	10	Xcc	6831	3867	85.tab	65562	1,5650362	38523	23871,1	19833,5	161850	11,9	12,3
barcode86	NB86	8,11	8	11	Xcc	6832	3869	86.tab	49805	0,9421539	37149	18916,9	11573	144724	12	12,3
barcode87	NB87	8,12	8	12	Xcc	6748	3874	87.tab	103654	2,52333	35904	24343,8	22366	185577	12	12,3
barcode88	NB88	8,13	8	13	Xcc	6777	3873	88.tab	68208	1,4678619	36531	21520,4	15756	260583	12	12,3
barcode89	NB89	8,14	8	14	Xcr	6781	3878	89.tab	37268	1,0245847	42338	27492,3	23675,5	188135	12	12,3
barcode90	NB90	8,16	8	16	Xc	6785	6680	90.tab	41539	1,1499498	42291	27683,6	23932	178266	12	12,3
barcode91	NB91	8,17	8	17	Xcr	6767	6322	91.tab	38987	0,9654847	38740	24764,3	21197	169084	11,9	12,3
barcode92	NB92	8,19	8	19	Xcr	6772	6333	92.tab	28530	0,6417224	36418	22492,9	18154,5	179604	12	12,3
barcode93	NB93	9,1	9	1	Xcr	6770	6734	93.tab	22455	0,4913894	36178	21883,3	16758	160418	12	12,3
barcode94	NB94	9,2	9	2	Xcr	6782	6732	94.tab	51597	1,2728752	38998	24669,6	20854	163291	12	12,3
barcode95	NB95	9,3	9	3	Xcr	6816	6733	95.tab	154424	1,8766641	23636	12152,7	6675	168661	11,9	12,3
barcode96	NB96	9,4	9	4	Xcr	6754	6731	96.tab	249477	2,2898498	17391	9178,6	5017	138837	12	12,3